DO NOT EDIT!! This file is generated by BinarySearchTree.java
-------------------------------------------------------------

00000
1000
010111
101010
00110
10
1010
111100
10110
11110
11100
0
01110
100
001111
110100
11010
00111
1110011
0110
111111
11101
000100
0101
101
10111
010
101101
100010
100110
1000000
000
01
000110
01011
100100
0001
110101
010101
001
00101
1110001
001110
00100
101000
111
0000
101011
1011
1011001
111001
011
00011
00
0111
10000
01000
1111
111101
100111
01001
1111111
101100
111110
00001
111011
1101
10101
01010
1011000
110001
100000
11001
0100
100101
11
1110
0010
1100
100011
1
10011
110
11000
010100
1111011
101110
11011
00010
111000
10001
10100
100001
11111
1001
1111100
10010
0011

01111
