DO NOT EDIT!! This file is generated by BinarySearchTree.java
-------------------------------------------------------------

00101101
1111101101
00000111101
01000011011
011110100
101011001
00001101000
0101100110
0100011011
0000110010
0101110100
100111000
110001011
011110001
11001000
0000000
00111011
1001010101
010110110
0111101011
0101010110
1010000010
11010011
010100
0110111001
110111
1001
10100110100
111010000
0001011001
011101001
11101010
10010111
0111101
0001111101
1001100
11001011
0101
1111000
0111110001
10111000
00000101
01010000000
10111100
0010010010
0111101001
0001000001
111011111
111101011
010100110
1010110010
010000110
0100011101
11101001
1110100011
111111000
00011110100
00100011111
00011001
00001000010
01011000000
0000110001
1101010
111011010
0010010
0010110
0100011110
1011011011
01111000001
1110001000
10101101
010010100
001001010
00001101011
1000101001
010111100
111010100
0000100100
000001000
00001100000
00001010110
011010000
11100001011
00101100
1011
100100
0110010
10111001
1010011001
1001001010
0101001001
00001110101
01000000001
111000000
000001100
00111100
10101010001
10100111001
001011101
1011010110
100011111
011100010
1000011000
01010010
1110000
0000010100
00001010111
00001110
00011100110
0010101011
0001000100
00000101101
000110010
1001000111
11110000
10110000011
101000000
111111101
0010000101
1001111
110010001
100000110
010001110
01101
0000000010
111100110
111110000
1010000000
100101110
01000001
01000111110
100110000
10011011
1110101000
111111010011
0100101
1110101111
0000100010
00001111000
00010110
000000000010
0111001011
1001001000
0101011011
0001010
011100111
1010000110
11100111110
00010000010
0010001101
100110101
1111111100
1111100011
0100110101
0011101101
0100000001
00101110
1010111111
00011111
000110100
100110100
0111100010
1100111110
0100110001
0111000001
00101000000
0000101100
100101000
110000101
0010010000
00101010
0010111000
111010
01100010011
01110010
000011001
111110001
011111001
11111100
011001
0000011110
00011100100
00001100011
100101100
00001011111
001000101
0100010
01001111
1111110001
0111001100
111111001
01111110
10100111111
0010111
110011111
1011000000
0111100101
001000010
00001001011
111111010010
101010
0101001000
10001101
10010010111
011111010
1110000111
10010100111
00000000011
0000110111
0110111
00101000
011000011
0000010011
1001010111
10010011101
1100101100
10111110
00111000
0000110101
11110111011
1011000100
1001000101
100110
0001000111
1011101111
001101111
01000011
0101110111
1110110100
10101001001
01010111
100001101
1111010001
100100111
000100001
1110001010
100110111
0001000000
0111111100
1011111
1111100110
00011001100
0001101110
0100001111
100
10001111
00000101000
10001001
00001111110
1100101011
0001111011
0100100010
11001010
10101010
000000111
0100001
00011100111
0100011000
0101111000
1001011
011100000
1010110001
10110111011
000000110
0101000011
11101101
11001010011
11001001
001010101
1000000
00100001111
0
0001100110
1111010011
01000111001
10010110110
1111010101
11010010
00010100001
100110011
100000000
11000100
011011
11000110
111001001
0010010001
011011000
10011001
1001011110
1011110
001001110
0010001100
110000011
0100011100
001000111
0100001000
001011001
011111111
0111011
100100101
000100010
10110000001
00000100
0111100001
0101010011
0101011001
11001111101
001101100
0101011000
000011100
0011010
00001101001
00100110
1000110001
1010001101
0101111011
11100
110001110
0010110100
001010011
011111011
1000100010
00111111
1011001001
001011111
010001101001
00011100000
100011110
101111101
11111101010
0011000110
011101100
1010110
01000110010
101
011110010
0100001101
010101
000010001
001101101
1110011110
1100100000
1001001100
0100110000
01100000
0110110000
0101101
0111010101
0101101100
0001101000
100100010
00001000100
00100100
1111001
101100000
01100100
01000110011
0010000100
01101101
011100100
100100100
00000000000
101111111
00011100101
11111101110
1111001110
00001000000
11111001
010001010
0101010010
00010110100
000111010
11011010
0111000010
001010
011000
001110110
00101111
1000100011
110111110
000010000
1000000000
11110010001
010110
0000010111
0110
0101101101
111110101
001010111
0101110110
000000000
00001100010
0101101010
00111110
00000000111
11111001111
101111110
0100111101
010010010
000010110
010100010
011010
1110101001
0000111101
110011
0010001010
000011111
10001011
00110111
10100101
01011000111
100110110
0001110
111000101
111101110
00110011
1111110100
0000010
0101010
0000100110
0000001111
1010001010
1010000
000010100
001100
011110101
11111100011
000010011
0111011001
010111111
0001001101
1001111100
0100101100
00001111101
1111101
101111011
0100111011
0001011101
1010101010
101101100
001001000
10101100010
110010010
010000110110
0000111001
00000110100
00001110010
000010
011101101
0101001
01100101
10010101101
0000100000
000101110
110011001
10100010000
110010000
1110100111
0010011101
0010100
00000110111
1101001
10010011111
000011111000
0010101000
0000110000
010011001
0111111111
1010000011
101010001
1101011
01011001101
1111111101
1011101010
0000111100
11111111110
1000100100
011000000
001101011
1011111110
1010111010
11
010010000
1101000011
11110010011
0001
00000000110
0110000010
111000011
00001011
1011001111
010001001
0110001000
1111000100
10110110
1100111000
1110001
1100011001
010000011
110100000
111100011
11010001
101111010
0010000001
100000001
00011010010
11111000111
0101101000
1001000011
0100010001
0001000101
1010011011
0111010
00100011
1111101011
10001000
0110001010
10000111
0001110010
0011001111
000110110
1001101011
111011000
110101101
01000110110
0101111110
11100011111
00011101100
101110101
1000100110
01101110
1001110001
00011101
011011011
00001011011
1111011010
11011011
1100110000
111001010
01110000
00001010101
1100110100
00011111011
0111000011
0000100011
01100110
111111011
11100010
0101011110
1010100
1111001111
01010001
10010110011
1
110010
001111111
1000110
10100111000
1010
01000100
10011110
011111000
001111100
0100111010
110110
0100011001
11101011
0010101
000010110111
0111100000
10110011110
1110111100
00100011100
001101
1001010011
011111101
101000111
0101100010
111101111
11010
11111001001
0001101001
00011110111
1110101
0001000
0011011001
101111000
11011100
01100
111111110
011001001
00100000
01101111
0000011100
1011110000
1000101011
101110000
1000111100
111111100
00000100011
1001001101
10110111
00100000000
0111100
10001001101
001011
0111011000
0111011010
1000100
00001100
1000100001
001100110
11111001110
1010101100
0100111000
01110111
001001111
1111011000
11111111100
000111
0010100011
0111000
0010100010
00000000
01111100
11011111
110001111
0100010010
00000111011
1010110000
0001001001
00001010000
1111110010
111110111
0101110
0101000
01000
111111
110111100
0000101101
0001101
011010111
000000001
10101111010
1111100001
000011110
0001011010
1111001011
0101100011
1110100
100000
10101111110
010
010010101
111011011
01010000011
111100000
000011101000
101110111
0010110010
1110101011
1100001000
10101100110
0110000000
00011011110
0010111110
0000000101
00010001
110011100
110
01111100000
10100111
1000110011
100001001
11001
0010011010
1010001
01010000001
01001110011
0111110
1010011010
1111101110
0000101000
010100101
011000110
0100110010
101010010
100001000
101000011
00001011110
011100
110101100
010001
1100001010
010110001
01100001
0010000000
0010100100
010000100
1000011101
10110100
011011100
10001010
0100010100
10100000011
010101000
1111100010
0011110
11001111100
0110000001
1010010010
00001110001
000110001
010001000
11001010010
011101110
0001000011
0001100101
101111
1110010011
110100001
10110101
0101010000
01001110
11001111110
10001000110
0001000010
01000111101
10011
110001101
10010010000
111110011
00001011101
0111001110
10010011
01101100
100101001
00001010011
10010110101
00000110001
101111100
0010011001
110100010
0000001
0110110010
11100110
1011010111
10110111001
10110111000
01000110
1000001
101011010
101011
1010100110
1011111011
010000110101
1010001011
1100111111
11101000
10000011
0010010111
1110001101
101011111
010111
101000110
100010111
00001110111
1111000001
0111001010
00001110110
0010
111000111
10011100010
00101001
01011011010
0000000110
1110111110
10011100001
0100101101
111110
10110000010
10111010
101101011
0101011
111001101
1011000010
0001100100
0100001100
11100010000
0111111
10111110101
00010101
10001
00101101001
010011
11010000
1010110011
1001000010
0010111001
1010111011
0101111
00001100101
00110011110
00001111100
01111000
011101011
0110111101
11001110010
1110000101
00110100
1100
0010001000
1010000111
00001010010
1011100
1001010010
111100010
001000
010110100
0101011100
1001010
1011000101
000111000
010100100
0111111000
11100111010
0000101110
11001111011
1111000110
11110111010
111000110
001100011
0011011111
0001101100
01011110111
0010001110
1100100010
100001100
10100110101
110011110
1011111001
011001010
000001110
011110
1010011100
1011111101
0010000010
00100000001
10100
001110
11001101
0001110101
0111000000
00111001
11100001010
1111111110
0100010110
111010010
0111100100
001000100
0100000101
01111
10110
0001010101
1001110
000011010
1010100011
1111100100
101100101
1111111001
11111101000
100111011
0111111110
1110000110
11100111000
00010100000
000110000
1001000100
0110011101
0011001
00001100100
1110000100
000001011
001110011
101101
01001111001
1101
001011100
1110110101
100010011
01011011000
11111110
01111111001
10101001110
0100111
101100111
0010111011
100010000
011110111
111100100
0101101110
01000101
0101000101
0100010101
1110000010
1100011
10010100000
00000100000
100111111
0100
01111111
0110110
10010011000
0101100001
0010100001
0101100
1111110110
1011001101
0110011
0001111111
1010001100
00001110011
10110001100
00101
011110011
0100110111
000000010
00011110
110110100
01010011
1111000101
0110111100
100001110
00000000101
100100110
010010011
111011001
01000011111
0000101001
1110001111
10100111100
111000010
10100000010
0111110111
0111101111
1101101
1110011100
101101110
0000001011
0110000110
1110100000
11010110
1110110001
110010011
1001011111
0111010011
10100001101
000000
01010010101
0111110110
11101
000001101
1000011110
00010111
00000001000
1010111
000110011
1001000001
11110101
100101101
11110010
00110010
1011100010
010000111
0111010100
00000110000
1000100101
01010000100
01010010010
1100101001
0110001101
1111010100
101110001
10100000
10100100
1100101010
110010110
1011011101
1100101
0010000110
10010000
10110010
1111110000
00101000101
01000010
1000010111
1010011111
111110011011
11000010011
000010110110
011101000
001111000
111101100
0101001010
010001101010
1011011111
10001110
1111111111
1111110
010010110
111101101
01000011001
10110000100
011010010
10101001100
111
0011101011
00001001110
100111
011111100
101110110
1101000

00001000110
01011
10000100
10010101110
1100111101
011110110
1001101
011010011
0000110
0100000010
0000000011
0000101011
101110011
0000100001
1111110011
0000000111
00110110
10111111
0111
1001110100
1110011111
1000011
11001100110
101011101
100010001
00001111011
00000111100
10
00000110
1101000000
00000001111
010001100
10100110011
100111001
10010000101
1010101
11111001011
0000
1010011
01101111100
000001001
0101101111
1110100110
0010000
01111001
000111101
01111101
1100101111
1100110011
11111000101
1011001110
1101110
01000000
0101110101
00101000100
1111011101
0011
101001010
1111000000
0101001101
0111101101
1100100100
011011101
0101100000
011011111
0100011010
10101100
100011100
0101111001
10010101100
0100011
111100
0010011011
0110101
01011010
1100100111
00011010000
1110011101
10110000
11110110
010000001
0000001101
0110001
11000101
000011111100
101001110
1011101110
11111001000
1010100001
111010011
101001
00100001
01110110110
010101110
10101100100
01001000
1010100000
000111110
101100010
1111011100
010010111
00010000011
0000111011
01001001
10000110
0010001111
0101000010
0110111000
1011011110
1000
00100000011
10100110
0001111100
0001001100
0111010000
010111010
01011011
001111010
10000101
11100011
01100000100
001010100
10011101
010101010
00000101100
1100100101
100010101
01110001
111100001
1001001001
0100111110
01100010
010000000
1011111111
011001110
11100100
0100111001
10010100
11001110
1100011010
10101011
1000111111
1010001000
11001111111
000101100
01010
01011110001
11000001
11111101001
00010100
00100
001111011
1000010101
0001010100
0011011000
11001010001
0010000011
01010001010
10011111
010101001
0010111111
1111011001
01011000101
0010100000
1100010
100000101
10101111000
010111101
00011110101
1100001100
1110011001
0001110110
00100111
1000011100
000001
00000101110
0001011000
1111010
0011011010
1001001111
00010011
010010
1100110101
1110110
0000100111
1011101000
1011010
1010100111
01001010
001101110
0111011111
1111001001
0001111110
0111110011
011011001
001011011
0000010001
100000111
0011011
000100110
00000010
001010110
0010010100
000011110000
1001010100
0110111111
1110111101
11011101
1100011011
110111001
010001011
101100100
00
01111111010
01111011
111110010000
01000110111
000110101
0011100
101001011
0111110010
010100001
00010000
010011100
101100001110
1000101101
101000
00111101
1010110100
00001000101
001011000
101001101
11110100
1110011
1110001100
10010001
0111110100
011100001
0111010010
0000011101
01110010011
00011100001
1010101110
0001010000
010011101
010110111
01011000
01110101
11111001010
1010001001
0011001001
00001000
1100111001
0111111101
01101111101
11110
01001100
011
0101011111
000110
00111
0111111001
11101001100
111011
1010101000
1111001010
1110001011
0110110011
00011000
0111111011
11111100001
10000010
00100001000
0001110011
010111011
01000111011
01001011
1100111010
11001111
101101001
111101
1110010101
101010111
0110100110
101010101
101001100
010100000
101011011
000111100
00000010100
0001100
1011001011
01011001
11101110
1111111000
00110000
00011010
011000010
000011110010
0111110101
1001000
10000000
1100101000
101101010
0001110001
0110000
000010010
00011101001
1011000001
00011011100
1001101001
1111000111
1000111
0000011001
01111111000
11110001
1010010
0101000001
101001000
0010011000
1111100111
010101111
0001001111
10010011010
0000001001
01000011010
1010011000
01110100100
001001001
00000001101
0011001101
11111
101001001
01100011
010111000
1010110111
1100001
0000011000
1110010111
011000101
10010110100
1010100100
010110000
111110010
010011011
00011100011
0111110000
10101
0101111111
00001011000
1010111110
00101011
100001010
1110001001
1110010
1110
0111001000
111100111
10010
1000011111
0100000
1100001001
1000101
111101000
011101
101101101
11111001101
1001011001
110000111
0000110100
011000001
101111001
0101001011
110001
1000111011
0000011
00110101
01000000110
0100001010
1000100000
0110000111
0100001110
0001010011
0110110101
01010110
00000111110
1000101100
1010010100
111010110
11010101
100110010
000000101
11111101111
10010010
10000
1000101000
001001
0000011111
00011111010
11000011
00001100111
001000000
000111001
111000
110000100
01000000000
00000011
0110001111
00000
01110111110
0001111001
10001001000
1100110
01111111110
01011000010
1010110110
011101111
10110001101
01110100
010001101101
1111100000
1010101001
01101010
11010111
0010011100
0100000100
000100
1111100
11110011
01001
1000010
11001011101
011010101
0101001100
010101011
01110100110
0001110100
1001011011
11100111011
010001101
11110010111
011000100
00010
100111101
1111011
11111100010
000100111
001010000
11100000
010101101
0100010000
11111111
01101011
111101010
10010101111
100010010
00110
00001111001
1110011011
00000000001
0101100101
00001101111
1010010111
1001011100
000
01010000101
100011101
111110110
00001011100
1110010001
100011000
1011010000
1100101110
001000011
1100110010
0000101010
00011100
010101100
0010111101
00100101
00001001
01
010111110
1001001110
1110100010
01001101
100010110
11000010
101001111
1011010010
01101111011
011111
001
100000010
0100101111
0001011110
11100111
1100100001
001100101
10101110
1100111
101101000
100100011
1111100101
1011100011
111000001
11011000
000001111
001100111
01010001110
1101100
100010
1011011100
0110000011
1100100110
10010010001
00001111
0000010101
001011010
0001001
00100110000
00011011
0000101
010010001
101000001
10101111
1001111101
110011000
100011
1001010001
000111111
0100111111
001100010
001100100
01101001
100101111
1110001110
10110111010
111110100
00010111000
010001101000
0010001001
110000010
01010101
01000110100
0100011111
101100000101
01110010101
01110111111
1000011011
0011101
11001110111
111010101
011100110
00101001111
10100011
0101100111
00001110100
011110000
01010000
110111101
0100110011
0101000110
110000
110101
11111011101
1001010110
1010000001
01110110
10010100110
11100101
11111000
000101001
001001011
001011110
00000101001
0011101100
001110101
1100100
01011111
01010001101
0000111000
110011010
10010011110
110001010
1100000
00000101111
011010001
1001110000
101010110
00001010
0111001
1010111100
01000011000
00010010110
000110111
10011100
1110011010
1010011110
1000010100
00000010111
00001111010
110001100
111001100
10101111100
10001000111
10110011
0000100
0001110111
1100011000
110011101
00110001
000101
10000001
110101001
0001111010
1010001111
001000001
101101111
0110010011
010100111
001010001
0000000000
10110000111
0111011011
1111011111
11001011100
0011001110
00110011010
1000101110
110100111
000000100
0001010010
000011
0011101110
0100001011
1101000010
0100010011
0100001001
101000010
01011101
00000001
0001111
111001011
0010001
000010111
1011000110
0000010000
01011110011
10100001111
00001101
011001101
1111111
0000111110
110010101
10101001
111111111
000010101
101010011
0111011101
011011010
00001100110
001110100
1000111101
0011000
100111010
000100100
111001000
111001110
1010000101
111010001
11100001
000100000
0110100010
10011100000
011010110
010000110111
1010011101
000011101
1011011000
10010110
11111010
01110011
1111010111
0010011
1001101000
1110100100
10100111011
1001001011
0100000011
001100000
01100111
0100000000
11111101
1001011101
01110110111
1000110010
010000010
100100001
0000110110
1111110101
0000101111
100101011
00001
000001010
1010111101
00011101010
0001001010
00100110001
11001011111
0110000101
10111011
1111101111
111101001
01111010
100011001
110100110
11001010101
1001001
1001011010
100001011
0000000001
10111
0100101000
0001001011
1010000100
0111001001
10011000
01011110
111011110
111000100
0000011010
11001100
1011000111
0010110001
101110
1011001
00000111010
100001
11010100
010000101
00000001100
1111110111
110000110
100001111
000111000010
111100101
1111011011
000101101
0000111
01001111111
000000011
00101000001
11001001011
0001101111
0001100111
0011001100
10101100000
000011000
01000010110
00100011101
01110
011000111
10110011111
001000110
0001010001
011001111
010110101
010011110
001110010
1011011
1101111
100101010
00001001001
0010100110
00001110000
0111100110
10010010010
0101010001
1011001100
01001011001
0101101011
011101010
01000111
0000000100
01011100
10010100100
011011110
01000110101
010011111
101011110
11011
1100011111
001001101
10001100
100101
1011000
100111110
01001110100
000011100011
010000
0100100
010110010
010011000
11111100111
00011010001
0000100101
10100001011
001111110
100010100
10100001
11101111
01100001110
1100111100
00001000111
0001110000
1001010000
10101100101
111001
11111100110
1111111011
1000110000
111111010
01010001000
101110100
010000110001
101100011
111010111
0110100
1001110010
011100011
0000010110
101010000
110000000
0100111100
000111011
010110011
01011011011
000100011
1011101011
01101000
1010110101
00000010101
001111
0111001101
00111010
111001111
1011000011
000011011
11011110
0111011110
1011101001
0000111111
00010111001
00000111
10110000110
10101000
101100110
101000101
0010110101
0101000111
10110001
01010100
01010000111
001111001
00001011010
0011111
1011111010
000101011
010100011
101100
011111110
0001101010
0010100111
0100110
0010000111
011100101
1111010110
000101000
10100000111
001110111
00100010
101100001
10101111001
1111111010
00000110101
1011100000
100011011
01011000011
1011101
1111
01000111000
01000111100
0000110011
001001100
00001111111
0000001010
1110111
010001111
10011010
001111101
110010100
1001011000
11000
11000000
100000011
0010010101
100111100
11000111
10010101
1000011001
0101111010
1100000101
00011
01110010010
101011000
001101001
001010010
10100010
00100110010
0101000000
11110111
110010111
1000100111
000100101
110100
0000111010
101010100
0110111110
0001011011
011001000
100100000
11111111111
101000100
0001011100
0110001001
11111011
0001011
01000100010
10100111101
111011101
1011100001
000101111
1100111011
110011011
000101010
0101000100
0010110111
1010100010
10101101110
11101100
01000100000
1010100101
110100011
00010010
00011001111
1100000110
010011010
1111001000
1000101111
00010010101
0001100001
0000011011
10111101
11111001100
1100001011
10010011011
101011100
