DO NOT EDIT!! This file is generated by BinarySearchTree.java
-------------------------------------------------------------

1110000
001000
0000101
001011
0011111
1101001
01011
011111
010001
1111011
01100
1011110
100010
01001001
01010
1001
0101111
11010100
0000000
000011
1111100
0010101
10110
0101010
00101
1011000
000101
1010011
01111
010111
0101101
110110
11111
1010001
01
101101
10001
1
001
00010100
010
011101
0101100
1000
000100
10
111001
111000
101
1100011
110001
11110
0110100
0
00000
01001
000001
010011
011010
0000001
1111001
110
10000
01001011
111101
1100
11101
111111
0100
00
0001110
111110
1101
001100
1101100
0000110
1101010
111
110011
100111
010100

001111
1010000
0001010
1110001
111010
101000
110111
1110010
0010110
00111
1011101
0100011
11100
0101001
0001
101010
000010
000111
100011
010010
0001001
001110
011000
1110101
011
11011
0110110
10100
1100110
11
100
0000011
101100
110100
1011100
0111100
0010000
0100001
0110000
001001
1110
011001
1110100
0001011
101110
010101
1101011
011011
0100111
0010
0010010
11010
100100
000000
11010101
11101111
0011
0100000
101111
00010
00110
111011
1101111
0110001
00010101
1011
1110110
010110
10101
011110
1111101
00001
01000001
0000
11100100
101001
0100101
1110011
0001000
1100000
000
0010100
01000
00011
11010011
0000111
1110111
110010
01101
1101000
00010110
0111
010000
0110
0110111
001010
10011
1010
11001
11000
0000100
00100
10010
1111
1100010
000110
00001111
0010011
111100
00101011
0101110
00010111
0101
01110
10111
110000
0100100
110101
