DO NOT EDIT!! This file is generated by BinarySearchTree.java
-------------------------------------------------------------

010110
011000
11011
01101
0110
0100
001000
01001
000
01011
010100
10100
100001
010011
011100
00
1010
0111
11001
00100
01100
11110
1100
10111
1011
1
011110
10
1001
1000
011111
1110
001011
111
11101
111000
000000
110100
0101
10101
010
01
0001
101011
100000
001001
001101
01111
100010
001
110101
00010
0011
110000
10000
11100
00011
01010
1101

1111
0000
11010
0111011
011010
01000
100
0111100
101010
011
10010
010111
00101
10011
110
101
01110
111011
100110
010010
010000
00111
11
0
100101
100111
00001
100100
011101
0101110
111001
0111000
011011
00000
11000
0010
10001
00110
001010
110001
