DO NOT EDIT!! This file is generated by BinarySearchTree.java
-------------------------------------------------------------

01011011
01101
100000
001010010
011111
001110
0101110
0111100
00010101
01101111
001110001
010101
011100
101000
1111101
01011010
001111
0110111
000011
01000010
11001011
11111000
0101001
100000101
001011001
110010
0011001
00111011
0011000
11000110
101010
0101101
1101001
000110
0100110
01010011
0011
10110010
00111010
0110010
0100001
1101110
10100110
0010100101
1101101
11010
011000001
00000011
10001011
1101100
11110100
000000111
1
11001001
00101000
001000101
1011010
001010
011000010
111
10101011
111001101
0000010
100010
1011001
11111111
1100010
111010
111011
00110100
10111101
10111000
001000111
010011
11101110
101001
010001
00010111
01110010
0010110100
0000111
101101
000100
01110111
000111
10001100
00011
00100110
0001101
01100100
0101100
0011101
1110000
01100111
1110100
110000110
11101010
001000
01001101
00000101
0010100111
0001100
10110001
001011000
11100100
1110011
11101
01100101
1001101
11110011
000100011
00011110
00010
1000001
0110001
10000000
1010111
1010001
000000001
10011100
100011
10101111
000000010
1100001
110111
0001111
10101101
01101001
1000111
001010001
0001000
0001001
101111
10111
00101001
00100010
0111110
10011011
0100111
00110011
0100010
100001
10010100
1000
001110000
0111
001011011
1010000
10100111
00000
01110011
00100001
0011110
00101101
11111100
0100100
11011101
10
001011101
01011110
00101111
110110
1111001
11100011
11011010
00101110
1010100
1111010
10110100
11110000
10001
01010000
0111101
1000011
01011101
0111011
11111001
000101011
10001101
0101010
00100011
11100
00000000
010111000
01000
111100
01111
01100011
0110
10111110
10000001
1001110
001010100
001100
00100101
010000
0000011

00010010
10101001
00101010
1100000
10011
001011010
110000
11000010
11000
10010
001000100
001111010
00010100
0110101
00101011
011011
01011100
101
001010011
1001011
11001010
1011110
10110111
0011011
0110110
1001111
1010010
0000110
000
00110001
111100010
10111001
0111001
10011010
11101011
1100110
00000100
1100100
100111
00010000
1011011
1100
00111001
01010110
100110
11011110
0111111
1000101
110101
011
000101000
101011011
000101010
1101011
1010
011101
0101000
0111010
00011000
10101100
01011
1111
1000110
00010110
101100
10000110
00110000
000110010
10001000
11001
10001001
011000000
0100
001110010
11011100
01101110
00
0011111
100101
110011
111110
00001011
011001
1110
1101111
00101
001011110
0001010
10011111
01100
001000011
1001
011000
00110
1011100
001011
0000100
110001
0001
0010100100
1111011
11110001
1111000
11
11010101
001010101
01011001
11000001
1101010
1010011
10111100
000101111
000000000
00100
111110001
11100111
101011001
100
1100011
1011000
1110110
1110001
11110
0011100
10101010
111001100
00100000
01101011
1110010
10011101
10100101
00011001
11110010
10010110
110110110
0010011
10111111
1010110
11010001
00001110
0000101
111110000
10011110
001011100
10110
11111010
010
01001
010010
00100100
0101
1110111
01
11011011
001000001
01101000
0011010
110110101
111010110
110
11111110
0010100
00110110
1010101
010111001
00010001
0010101
0110011
1001100
110111001
110000100
10000011
00111
010111
10011000
11111
101111011
0
01010
0000001
00111101
10101110
00000001
00111100
00000010
10100
0101111
0111000
01100110
0100000
110110111
000110011
00111110
00101100
10110110
000001
011110
00110111
11101001
11100110
100100
0110000
111001111
001000010
001011111
0010110
011010
1000100
101011
000000011
1000010
001101010
100110011
11101000
11011111
10010101
110100
0101011
11111101
001000000
01010010
00111000
11011
1111100
000101110
000100000
1101
01111111
001
00001
11010011
1011
11100101
11000111
00010011
000100111
00000111
010110
00001000
10000010
1111110
111111
0100011
001101
11000011
0010111
1000000
01100010
01000110
0001011
111000
000100001
00011010
1100111
1101000
00011011
0110100
101110
1111111
001010000
1100101
11000101
10001111
000100010
0000
10011001
11101101
000000
01100001
01110000
010100
0010001
11001000
000010
001001
00110101
00100111
1011101
00110010
10100000
0000000
0010010
0001110
1001010
111001
001110100
10101000
01100000
01110
1011111
10000
111101
1001000
000101
0010
11000000
0010000
0100101
10101
11011001
1110101
1001001
