DO NOT EDIT!! This file is generated by BinarySearchTree.java
-------------------------------------------------------------

100100101
100011101
010010001
1001010110
010100000
111011000
001010
0000001101
01001100
01000000
10001011000
010100111
1110100110
0000000110
0110011
10000101
10001001011
01100110
1101010101
000000011
010011
110000000
010000
0011101000
101110001
011010
10011101
01011001
1001010111
1010011100
0011010
0100
100111
10001001
100101000
010100100
00001110
011100010
000011001
101111100
01001110
001100011
0000011111
01011101
100001010
0111101
00101111
1010101
00001101
0000000
10010011
1010111100
11000101
1011100000
100111111
000000101
0100100
1101010
101110100
1001001100
0001010111
011
0001101100
1100101
1011000010
110111110
101100101
01110001
1010110
100010010
010000011
1010010
000110100
00000
000000111
101110
001011
111001001
01111001
011011110
11001011
00011000
11111010
001110000
010101100
111100
01001101
01000
1010001
000101100
10011100
0010100
101110000
110010011
0110001
101101100
0001011
101011011
01000111
0100111
010101
100111011
10000010
0010111
00
110000
1000000111
00101
010100010
1010111101
01011000
1010011111
00000011
0100010
01100010
1010110101
001111111
01111000
001111000
000101001
00111100
1001000101
1011100
111001010
0110000
011100000
0000111001
1001010010
11010010
10100101
100011
011101000
110011011
00000000
1000111
11100001
01010111
000010
10110110
001101101
1001001
010001101
10
10000011
0001111
0000100
101111101
011100101
001111001
0011011000
10001010
001100
100110100
1000101
1010000010
100011011
100001000
10111100
11100101
101010010
0000001100
0110110101
11101101
01110010
110011010
00001100
1110
100110
000011010
10100
11000
1110001
10000001
1000001
1011101000
101010011
0011001001
100000010
100111000
0001010100
100100000
11
10100111
000101111
10000110
1000101111
111011100
011011000
100001011
110010000
0001101
0111000
0011101011
1101001
101001111
00010110
001
00110101
001011011
00111
0111
01110100
100111100
00100111
1000000000
11011111
0011001110
1011100100
00011101
11100011
110110111
00000001
01100100
000111
0000010
11000001
101100000
0000001
1110101110
101100001
1111111
00011100
001100000
0000101
10010110
110010010
001101
110100110
0011101
001110101
11011101
010111001
011111
110010001
10001100
110111111
010110
01111101
000011011
000111000
100010000
01000001
01101110
1100001
0000
101101
011111110
10101011
1001100101
10101
11100000

0001110
01100011
1011100111
1110011
000110000
1101001010
0011101001
011111001
001111110
001010001
00110110
011010000
001101100
110101011
110110
100110010
010100110
1011000000
001011110
101010001
1001010101
10011
10000
10011110
1001110110
1010100101
0110010
101001011
1010111
010101110
11010110
00010011
10100001
1100110
100000110
01011011
110100100
00010001
000111011
1000100110
1011010
001000011
0111111110
1011001101
00011001
100001001
0110111101
00000011100
1000101010
101001001
101000110
10001000
000110110
01000110
100100001
1000100
01010110
11111100
100101010
011011
01011111
0111110000
0110110100
111101
11011
10100100
100100010
11101110
0111010
0010011
01000101
011111100
111010
10111010
100010101
1011011
00111110
101110110
00100
001000
010101101
0010110
1001000110
00101100
100011111
011111000
00000100
100101001
0001101111
1101010100
0000001010
0000111011
101011111
10001001010
1000100011
101001
0000110010
011010110
11101100
10010100
110101010
101011
10101100
100110101
1011111
010111100
001000100
101111111
1010010000
101011000
0000000010
011110101
1000011000
100011010
01111010
110100010
10100110
011010001
101110111
01101101
001100100
10110000
1101000
1010010001
1011110
111110101
001100010
011001011
10110
1010011011
11111001
111111
10111101
11101011
0010000100
000
001000000
00010101
010010
1001000
00101110
001100110
010000111
000100101
00100001
101101111
10110100
011010111
11100111
111011010
101010111
00101010
111001101
0011111
101000011
00101001
10101010
101100
01101010
110101111
00011010
11000010
1010001000
001010100
11101010
0110111
1000110
01101001
01110000
100010
00110001
10111111
000000
111000110
1101000010
011001
11000100
1101000011
01000100
110111011
001111
101001000
0010
1000111110
01111011
010000010
111011011
0100011
01110011
0001101010
0101
100110111
0000011
011011111
0110100
101100111
110100000
10101101
100010001
1111011
00001111
10111
01011
011111111
10111011
100100111
1111101
011101
110000011
01110101
0001010011
01100101
100101111
1010
101100011
111001
11100010
10000111
111010100
1110100001
110110100
1110101000
1011111001
1110111001
1010101100
01111
11011000
000101101
001110001
110101110
1101110
010001
1000101110
1000010110
101011001
01110
100001101
110001111
10110010
1000111000
1010001010
100111010
0010001
101000100
0110
0010000101
010011000
100100110
1111010
1001100
100000100
001000111
100110000
11111101
11111000
11010
0101100
001100001
01011100
0111001
01010
100111101
101100100
101000001
101101101
1010100000
101000010
10010001
01001000
111110011
0011010001
111010010
001111100
01101000
001011010
110100101
100101101
10101110
10111110
111110110
0101001
10010000
01100111
10111001
100010100
0000011110
1001111
1110100
1101000001
000001100
01000011
001111010
111010001
11001101
000011
10010
1000000
11100100
0101011
0011011
000100110
11011001
0001111011
010000100
1111100
000111111
101000000
1011101
0001011000
10001111
0
11010011
101011101
1100000
01010001
1100010
001110100
111110111
001010101
0101000
1101011
1100011
000101010
11000111
1000010000
1001000000
11000000
0001011001
011011010
01001
11110
11001000
01011110
0000001111
100001
0011
0011001
111000000
10100000
1001010
11111
0000111000
101110011
111010011
000111100
1011111010
1010001100
000000000
0111110110
01
0000111
110000100
00010000
100100
11011110
00110
001100101
101111011
11000110
1011
010000001
0111100
000110
11100110
100000
10100010
011011001
010010000
1011101111
011010100
11111011
0011001100
100100011
101010
111000001
0001000
1000010
10001011111
010100001
001101000
1000111101
001100111
11011100
1111000
1000100001
1010000000
01010000
000110101
0110101
1000
10001
00110000
1000100100
1000010100
01101100
000000001
1000100111
1
10001011
0110110
00000010
000101
11000011
1011100101
111000011
1001110001
101111
101010100
1100
110000101
011111010
011100111
0001101101
101101001
101000101
101
1000011101
11110111
00010010
1000100101
01101011
01110111
001001
11101000
000111101
1101100
0111110011
010111
100000111
0011000100
1110100100
001110
101011010
00010111
100000101
101100110
11110100
111000
00111011
110011001
111110
001000010
01111100
11110110
1101111
010010011
1000011
11010100
1010100001
1001101
1000100000
00110100
00101011
1011100001
1101
011000
10011010
0000110
00111101
0000000100
110001101
011011101
0011110
10010111
10011000
00111000
110110010
1000011011
1001110
0101010
01010100
10101111
01000010
101101000
11010101
100101
1101010110
110111000
100101100
110101001
101000111
111000010
00010100
00101000
1000000001
00001
110011
010110001
11001
00110010
110001
0001
101001010
10101000
0111110111
11001010
111110001
0011011001
1000101001
1110101
011011011
000000110
100001110
0101110
100000001
1010000
010101111
00000101
111
10100011
110100011
0010000
110
0000001000
001101011
000110001
101010000
01111110
00100010
000101110
10110101
110010100
000011111
00011
10011111
101011110
0111011
0100001
10001110
1000010111
101001100
1000101101
001110110
1000101011
11010000
100001100
0001100
101110010
111010110
1101101
1001111110
10001000011
101000
11011010
10000100
1011111100
10110011
01001001
0111110101
1111001
011010101
1010011
101111110
10000000
00100000
001111101
00111001
00111111
1010001111
1000101100
1000010101
110101000
000011110
1000010010
1101000110
100010111
11101001
011110010
010000000
111010000
00110011
1011001
11001100
1001100100
1110100000
11011011
001101001
0100101
11001110
1110010
000010101
1000011001
1010001011
110000001
010
010110000
000001
111011110
1000001111
110110101
001111011
01111111
1110100011
00011110
1000100010
1001
110100001
01001011
011110
1011000
1010100011
001001001
0000000001
110001100
0001011110
110010111
111011101
000101011
1011100010
11101
110101
00011011
00000111
11010111
00000110
0001001
100011110
1001010000
110111010
0101111
100011100
01001010
10010010
1000111001
011110000
1100000010
0010010
0000000011
111010111
100010110
1001100111
110101101
1010110100
01101111
001011000
11111110
111011
110111
1000111111
0000001110
00100011
101010110
1010010010
100111110
0100000
00001001
000011000
000011101
11100
101001101
0110110010
00100100
1001000111
000111010
100111001
10001011100
011111011
1011100110
00110111
000001110
01100
10100011001
001011001
11001001
10110111
001101110
000011100
100
1010100
0100110
0001011011
000110111
1101000111
0010101
00101101
100000000
010100
11010001
0111110
101110101
10001011001
10010101
000000100
1101000101
1001011
100101011
0111111
000100111
00001010
1100111
1110000
10101001
1001111000
1101000100
111010101
01010011
1100100
1001000100
10001101
1111110
1010001101
011100
111110000
110101100
11101111
1110111
100000011
111001000
00001011
1010001110
101011100
00011111
000000010
1001010011
00100101
0101101
000001001
10110001
1011101101
0011000
01010010
1111
10111000
100010011
000001111
10011001
0011001111
1011000011
000101000
110100
000100
010001111
100001111
101001110
110010
0001010
1011101001
00010
001010111
00111010
0011100
11110101
10011011
111000101
1110110
100110011
110110011
01101
