DO NOT EDIT!! This file is generated by BinarySearchTree.java
-------------------------------------------------------------

10111111011
00111111011
100011101110
11110001011
101101000101
11101010000
010011111110
10101010101
00000110
0110100001
110111111111
11111011011
01010111
001000111010
1110101010
10110101111
110100100001
11110101001
111000100010
101011100001
00011111110
00111000001
110010111110
1010011001
1111100001111
01010011110
10111011000
0010000010
0111111001
001111111110
01101011111
10001100101
100001110010
001101110
0011011101
11100000011
010101000111
01001111111
01010
00110110011
0110001111
101110101
110010101000
000001111
1110100111111
001010
11100001111
1100000110
001001000010
101000110
11100111111
10001001101
11111101010
1111111
111100001100
01000010010
1101001100
10010000000
01010101110
111000001
1111001101
01011011110
01111111101
110111000
011000000
111010100110
100101000001
01011111
101000001
100001110101
1011000100001
011110000
10111010011
10010011
10100110011
0111010000
110111000011
11110010001
11100000000
10100100011
00001110
11010111001
00010101010
11110100000
1100110100
1101010111110
100011111001
1110111110110
11111111
0011101111
101000100011
010100110
001111100
111001111
00110101001
101110101010
0100011000
10011111010
0011000111
11101101011
1111111000110
00010011
00111110
100000100110
10010110100
10110111010
0101001110
001011001
1100011100
001101011
000010
11011110110
0000011001
110110011011
11010011000
11111110
101110101000
010100000111
101000111100
010001000101
0100011
10010011100
110111001000
101011101011
0010000011
1110100010
11110101110
11100011110
01011010110
101111001110
001100110100
0011001001011
1010001001
01010100011
11000100001
1101010001011
0011100010
001100101101
00010110111
01110000000
1101001010
110001101000
00101110101
11011101010
110010111011
01000101010
0001001001
1011110001
01110000101
010110111010
1000100110
000110001
000001110
1110
001
001001001
010010101001
110011010101
01101110101
011001
1110000
100011101
11111100111
11011010010
1110011010
11000001110
010101011001
101101100
1100011010101
0010100
1011110110
110011000011
11010111011
01110000
00110011101
01010001110
10011110111
1010101011
11011001010
11001011110
01000000001
111111100101
001000001100
0110011001
11011101001
00101010000
01101111110
00000011001
10111100
01010101
0110
100111011110
11111001001
00110100011
10011010
10100010
0001101010
011110010101
01111110111
101110101111
11010110000
11011110000
1010111111
10000000011
1011101010000
101110011100
101010100000
1000111011011
0101001010
001110101
1110111111
1101101011100
1011101011111
00110011
100111101101
11110111011
0011111011
111011011010
001001010100
110100000001
1100110101101
1010011110
1011100000000
0100010101
111100011101
100011001
11101001000
11001101111
111111111111
1100001110
11100100011
00101111011
1011010000
11101000010
10010000110
11011111
010111100
10010111001
001100100011
00110111100
1100111011
1100011001101
001000101101
10010000010
00110010111
1100110111001
00111101000
01111111100
10010101000
1011110
10010110110
001111111000
111010011110
0010111101
000111111011
11101111111
010001101110
0001000011
01010000011
110110010101
11100001001
101000110110
00111000110
00100001001
00110100000
101010011011
1100010110
11010101000
1100001100
0000000000
1011101100100
010001
1101000
110110
10110000
110111101110
010000101
000010010
10110000111
1111111001
10101000110
10001011000
10001000000
1000001110101
0000011110
010000111100
011110010
1001101
01100000
100000001100
11111101100
10101010110
011110011
1011001011
1000111100
110100100010
011111111
1100111
10010000101
11001101110
0101110101
01010011010
110001111001
11010001100
1100001100010
110001
111111011010
0000
100010110
100001110
010000110010
00111110010
111111111
111011110
111101011010
101111010011
110010100011
1010001100
0001111001
00111011000
10010010100
00001001
10011110000
110100111101
11000101001
0010001000010
00111101100
011001001
010010000001
11011011
0001011001
0001011110
11111100101
111110110110
0011001110
010
00110101011
1101010001110
110110011010
101010011
110010011
1111111001000
101110010110
001000100100
0011101000
1111100011
1011011001
11011011011
110100000010
01100110010
0111000010
1101010010
11001011001
110001101011
1001000101
0101110011
11100011010
111001101101
00010101001
1101011
010010101111
110111001111
110111
111100010100
11101011111
1001010000
0001111101
10101100111
110111010110
1100011010
00111011
1000101011
11111001100
1011001000
0000110
011101011
0011001001100
001101100101
11000101110
001101011010
001001001001
10101011111
01100000000
100100000000
101010010010
100000001010
11000000101
001101100100
110110011100
11111100100
10101110000
10010100000
100100001101
000110101
10110011001
01110010
001101010010
001000101111
00001011
111110011010
01000101100
001111001001
1110110000
111011001011
110000101001
010111000
10000010100
11000111101
0011011
111010111111
110111010000
1111111100100
11000010100
1111011001
1111000010111
10000010001
101111101
01100000001
101001111111
100100110010
0001100111
110110101110
10111001010
0110110001
10100010111
001010000110
1110111011
1111101001
110101100111
110001011010
0101000011
111111
0100101010010
11000010010
1010101001
01011010000
11101
11110010000
00000000
11111000011
110111111011
1011010100
01011100100
11110100111
0011111010
100000100000
111010111101
11010100011
001000111011
01000101001
110001100010
0010001010
11111101110
0011001001
010011111111
01011011010
10001010111
1100010011
1111100000000
1001000010
01111111011
101101101100
11101110011
1111111010
1001011000
01010101100
100011111
000100110
001000001010
01101111001
11001110011
0010001000000
10110001100
0010111001
11011100000
11010101110
01111011
10111001111
010001011111
00111001101
11110101000
0110000
001110010100
11110010111
001101100000
001011001000
1101101101
100110111
011111011
10100011001
111101011111
100010110101
1000000000
1010011011
0011010110
101011100110
00111100000
01010010101
101101111101
10100001011
110111111
1100010101
00100100
000100011
001100100
00011010
00100001000
110010000
0010100111
000111000011
001000011111
01110011
01000011001
01110111
10111011110
10000011001
110111010001
0111110111
1011000011
011100010
1100100000
00111110100
010001001101
111111011101
101000110001
100101111011
10100010101
10101110100
100000000
111001110100
11110110100
00110000001
01011100111
0010010100
101000110000
0101010010
01000000
11011010110
101000110100
111010111011
00110001001
1111111011001
00
011011101
0011001101
11100000101
101010101111
001000111101
01001000001
100000101011
1101111101
11110010100
1000001000100
010100111
0100110101
110011110
1010111111101
001011010
10101101100
1000110101
11011010011
11010010
11011100111
01011011001
00101110010
00011101100
0111001000
011101110
10011101
1100111001
01010011011
0101000
0100101
111101011011
1111010000
10110001
11100010010
11100110010
110100011001
01101011011
10100010010
11111010
0100110111
1011110100
1111011010
100001000
0100011001
111110000001
0111000101
1001110000
1100011011011
111110101001
1101101011110
00100001
111111011100
10111110000
00110000101
11101000
1110111101101
01111110000
01001011010
111100001001
0111111011
0010110111
011111001
111110111000
100101001000
1011
110000101110
1111010111010
111011101
111000010001
00110101
0010010000001
110011101111
011010110
0111101101
1010110
101011111010
00100010101
1101110010
100111011100
1111110111
1101010100
1011101100011
00011010101
00101110111
10111001011
111011011000
001000011011
001001011
001011100110
000010100
01000101111
00100101101
00100011011
101111001000
11011100010
11011010100
0010011000
1101010010101
111100010110
1010111110010
10000101001
100001110001
1010110001
00110001110
100010110010
00110110111
1101
11000110
101110111
0111111101
10011000
0010100000
1011001101
110001110110
1010100110
11100101101
1101010000010
110010110100
11011101110
01111010
010100011111
1010010011
01011110010
0101100101
0010000100
1011011101
001000000110
0001111110
111010111010
00010
10111001
1110001101
01011000000
01110000100
01001111110
101010101001
0010000110000
1111011011
0100010
0001110001
00111100001
0100000100
10101100101
010101011110
1101101
111011000000
0111110010
11111110100
1000011110
00100011001
101100110011
0010111011
11010000000
01111100100
10000111010
0101100000
1010111010000
01010110
101111001001
1010110000
010100001000
11010111010
0100001100
101000100
111000100001
11101001010
100101111010
11001110100
110100
1111100001011
101100011101
10011110110
110000000001
101000111000
010100100
0100011101
0110111101
110011000100
110001101001
111000010
011011110
001110010000
1110110011
01111010000
110111101001
1011111
10110011111
0010110100
0000000101
101010001010
100011101000
10101010000
0101000000
100011001101
10100100100
111010011010
100110110
110101011
10111100110
100000100010
1001110100
100110101
101010001101
0111011001
101001011
1010111010
01100001
1110101111011
11100000001
0111011000
01100111
1110101111000
111001001
0111111100
0101101100
1010011111
01110
011111100101
0111100111
00000011100
0110001
111011001110
0011010000
10111001000
11010110101
01110111010
111111100
110001010
111101110100
1000111101000
00010010
110011000010
001000001001
101000111110
110100111011
01000110011
011111101010
101110010001
1001101111
1000011
110001111000
110110110111
110011110100
100101111110
011011111
1111100100
101001
0110111100
0110010100
1001011100
001001000110
10110001111
001001111
1100011111
0100010000
11111110011
0011000110
0001000100
0011
1001001111
01101010100
11110101
000000010
1110110010
110100011111
01001001011
1011101010101
111111110
101100101
01110010100
1110101111001
00101011
0100100101
0010011100
11111100000
0100111
11100010111
111010100001
100111111000
00011010011
01111100001
0110101001
11101100100
100111010
110011001
10000100001
01100010011
000011011
010000011011
01011101000
1010111000011
10110010111
111101110110
11100110
101101011111
11110000110
00110101010
0001100101
100101101110
1001110011
1111000010110
01001000101
00100111010
101110000100
10001010011
1010000011
1111000100
001001100101
0101111100
001000110010
00100100010
0010111100
110011010001
1001111101
101011011110
10001111011
00111110111
001000110110
1101010111111
001011101100
10011110
01110000111
101100111
110001111010
011011100000
0101000010
110110101101
1101010011100
01100100101
01001001111
111100100
0010100011
010011111000
10100001001
10011110101
1100110111100
11111110101
111011001
10010001101
110011111000
010011000
0110000110
110000000111
111011110111
1001111100
010101010010
01100101011
10101110111
000101111
110011010110
10100000100
11110101100
01111111111
100000
11000100110
111111110010
1010111011
000100
10011000110
11011101101
111110001101
010001001100
10100111101
101010011000
110100000000
11111100
111111001011
0100101111
10010010000
1100010000
01111000000
000111110110
11011101011
00101100
101010010111
00101111
11110010110
0101011000
110110010
1110000110
001101100
101111010010
101111
011111100100
10010110
101011010001
101111001100
010100010
1000011100
0100100001
1110000110111
1011000101
01001101011
0111110
10100001111
00111001001
001100110011
0100010001
00100111000
000111000111
110101100
010000001101
110011100110
01101011
0000010101
1110011110
1001000011
100101111100
00000100
1010000110
01001111
11001100110
11110011
1100111001010
10001100010
11101101
1001111110
110101110010
00011111111
01011001011
101101000001
00011111101
1010001000
1001101010
001101110111
010000001
10100110010
001111000
00100011100
11110100
0000011010
1101100110
00010000101
010101000
101000111001
110011000111
10001011101
000011010
101010010110
011
010110111011
11001001101
1011000101001
1110110001111
11101100010
100101101
101110011001
001101010100
0111101
101011001001
10100000000
00111110001
10010001110
11001010100
0
11010001110
11101111101
0110100100
001100101001
01111101110
011100011
0111011110
01111001011
0001000000
1011111010
101000000100
011100001110
011000001
1100111111
101001000
1101101110
0010110101
00100011101
00010111001
10000000010
000101100
111110
00110010010
111111011110
1010000101
0010101011
100101000010
100110
101110010010
11000100000
1111110100
110101101
10011000011
11101010100
1111011111
11101000111
101001001110
1111111110
101000000111
1011100110001
10010100
001101111100
10111100001
110101011000
1101010001111
0001010
0110111000
11111101000
110000111100
010011101110
1001110111
110101111110
111000011010
0011111000
11011100
10000010
010100101
111011000011
00011100010
01001000100
01101111010
101101001
01000011110
1100011001
101010111
0100010111
11001001111
01110010011
01110101100
1010101
01101111100
10111000111
0010000001111
01101001000
01011
10100010001
001111100111
11000000110
1011100111
01111101
100011000000
1111000110
000111000
111111111001
10101100001
111111010010
101010110000
0111101111
10000110
11110001100
101011000010
1000
10011101111
10001011100
000101000001
0011110
11110110101
100011100101
010011110
0110111010
1110010011
010110110
110011000
01011110
11001100101
00111001011
010001000
00100110
11110001101
00101100011
10101011000
0100111010
11001111000
01011001000
1111001110
0011001100
01001001
111011110001
111110000110
0101001100
00111110000
010000101100
11000101000
101101000000
0010001010101
0101101001
10100011010
11111001
000101001101
010000100011
0010101101
1010111111111
00101101
010110010
01110101101
1000001100
001100011
01100010010
1011101101100
1101000010
10100111000
001011100
01111010110
10000100110
00100000
1010101101
10101001110
101011001010
0111101001
100000101
101110000111
110111101100
10111010110
010010101010
01101011110
11011001001
10101110
10111010001
11001010010
011000010
010000011
10111010010
0011010100
1110011001
1001011101
000101010010
010010010
11111011111
01100010
11010111100
00111011001
001101111000
1110110110
10110101110
0000001010
10101110110
0011001001000
111011111001
00100111011
10001011110
10011000001
01000100010
001111101
11101100110
101111111011
11010101001
00110101000
100011100111
100001110100
000011110
110101001001
10001001100
1100101101
11110101101
1001100
101100011
100101111001
101110110110
110010000000
1010001010
1100011000100
110110111
1011100110101
10111101
001100111111
101010100110
0100010010
11001011011
01111010010
0100100011
110000111001
1111110011
1111110001
01011101
011110110
0000111
00111000011
00110000
111010110
111000010010
10010000001
010110100
111101101010
100000101010
0110010001
001000011001
1011101101
00010101101
101110111101
0011110000
101010010001
111011001111
000101001110
01001010001
11111110110
11010000011
11011101000
10110111101
11110001
101100010011
1001100101
111010101
11110101011
1101011101101
101000000
110101000000
1100100001
0011110001
11100110011
101111100
111001110110
1010110101
111110011
11010
0001101011
000111111110
110011001110
0001110111
1001000110
111001101001
110101001011
0100111011
01011111101
10010011101
0100000000
001100111000
011011001
100000001001
0010110110
111111011000
1010111000010
0010000110
100100101010
00101111110
1001000100
000100100
11011010101
1011101000
01000111011
010010100010
00111001000
010000000
111011101000
1101110111
111000011
101100010110
0111111111
10111110
00111100101
111100
010001011101
1111111000010
1101010110
111110000010
010100011
10010011000
10000011101
0001010010
0110101101
101000100110
1111001100
00110010110
01001110
1110000110101
00010110001
00111000000
110101010111
1101000011
1000100011
1001110101
0010001011000
001101010
1101001101
1011110011
10000100100
00010000100
11110000101
010100110000
11101111
0101100010
01010101010
01111110
111101100
1110110101
01111000100
00100110110
0011110001001
11001111010
10010100011
10000110000
1101111110
00011
00011101001
101011010101
11101111110
00010011001
100000100001
101100001010
100000001011
111110000
101000110010
0010001101
111011101101
100011110110
1001101011
001100010
00100011
000111010
00101110100
10000110010
01010100100
00010110110
1101100010
1110001111
001000111001
0000010010
0110010110
00011111011
010001110
101011001
0100101110
001111110000
001001110
110000111010
100100101
0000000001
11111000010
0111000000
11000000011
001100001
1101011001
11110111000
10100010011
010110100010
00110001101
001100100101
000101011101
10101111010
01110000001
10110110100
1111101101
111111101111
010100011000
0100000110
11001001110
10011101110
1110100000
11101111011
1000111000
11000000
0010101100
01000111110
001101110011
00111100010
0111000110
01001010111
100111101111
1100011011
1000111111
01000110111
1000110011
0110000000
100001000101
10000010111
001111100100
0111000100
0110100011
10011001110
100010111
0100111101
1101010110011
10101100110
101001110010
00001
00110100
010001010111
110101000001
01001010000
100010011
001100100111
11110100011
10000110011
101011010011
01011110011
10011111111
1011010000010
10001101011
1110011111
0110100111
0100100111
0010001010011
11011110100
0001101101
010110100110
11010111
1110101110
00100100011
00101001001
1101010111
10011101101
111101110
0011101101
011101010100
0010101110
01001110110
00011101101
01110001011
01101111
10110100101
1111111000011
00111101101
11000011101
101101001011
10010111011
10001011001
0001011000
10000010011
110000101101
111001101
1111011100
111000010110
00101001110
111111100000
11111110100110
100001100001
011111100
101110100011
10111101011
1110110010100
01111110011
11001100011
110011001010
01011010101
1101010011
10100100110
00010110011
00001011111
00110100101
001100111110
1000000010
01111101111
010110100111
0000011100
00111
01001011000
00110011100
0010110001
10101001101
10010101111
0111110000
110
0100100100
000100010
101110011110
00100011110
0100011011
01100100111
111101100101
00110010001
1000110100
010011101101
10111010
110111001
1110101100
011111100001
110111010011
1011001110
1010010101
11011011010
01001110010
0101101
00010001
11000100111
01001101111
110010100110
111111000001
010101001
11001011
10100110000
011011011
101101000
0111001
10100100010
11001110010
1111001010
111010011000
11101001101
10000100
1100100101
000010011
10110010100
010110
10000110110
001000010000
101110110000
0001110110
00101110011
10001101101
1001011110
00000011
11000011
10001111101
11110111100
1001010110
111010101000
1110001000
100111101000
00101010100
100000001101
0101001001
01000010011
00011110111
1100100010
111000011101
101011011111
001111100101
10100000
110001100000
001110000000
111111101101
1000010101
1001100111
001111101000
0100000001
01101001001
001000011000
110011110000
101110101001
01011110000
10001001011
00111100011
1011010011
0101111101
100111110000
110000011
111010001
00110000110
01110001
00110110110
111010011101
110110110110
00101111101
0100011010
000011101
010011100001
101011111100
00100101100
110000101011
10101100010
111010000001
011110111
0001011010
01000111
001000010101
10111101001
01100010001
0010110011
001110000001
100010100011
00111111100
10101111000
001100001001
010011111011
00000011101
00011000001
110010100
11000010111
11100111000
111100000111
00111000010
0111010111
1010101100101
1010110110
10001011111
1011101100101
110000000
110000001100
0001000001
111011000010
10101110011
010000110000
0111010110
0011011000000
0111101011
11101111100
010011111
10001010010
01001001110
01101101110
0111100001
1011011
01001010011
10101010001
110011011001
0101000101
1011010110
01001010110
101111000
101110110101
001011011
11011100101
01001100
01101101001
101011100
1001001001
1111110110110
10001111010
0010111
1001011
01110010110
1010000100
010010001100
11110000001
11100111011
100101110001
100
11111011
001000111
111100101
01100100
11000101101
11001001011
111110110010
00111101111
0011001100110
0001100110
000011111
00010101111
110001001
11010111000
00110
0011111111
101110010
110011011111
01010001011
00010101
10101011010
00100110010
111011101111
11010001101
111010000010
11100000
101100011100
01101100101
11101000000
100111111
11000101011
001100101011
100001001000
101100010111
0011111001
1100000000
1001010010
01011110001
110101
10010111110
001111011
01000011
11001011101
11010010010
111010110110
0000111000
1000001010
1101111001
1011101001011
11001110001
001110000
01011101010
11101101110
111011
10010010101
1011101111010
110101000010
000010110
11010100010
10001111111
10010111101
0101011011
0111011010
00110111111
11110001110
1101100001
000111110
111011001010
10110111111
1110110001000
01000101
1101110011
11011110
010111111001
00010011110
1011111100
00100000110
0110000001
110111111100
00110111
01101111111
01111110010
110101001110
111010110111
11010100110
11000111011
1101001111
01111110101
110101110001
110010011010
101110000000
101110011011
10001101100
111010101110
11011110010
110001010011
00100000111
1010100100
00110001
10111011010
110010110110
111110011001
11010100000
00110010100
11101011110
01010100010
00101001
1110011011
01100110000
001011101111
1101010
011000
10111111111
11011110101
011111110100
1000110110
00001111
1001100110
11111010001
11010101100
110111011110
10010100001
010111100001
10101
00011100100
11101011101
11111000
0101111011
1111111000000
100000111101
01101101100
010010011111
10111000000
0111011101
11000001000
1000001010101
11000011001
1101010010110
111011110010
011001100
0000101001
00111001010
0101010110
000111
110110011101
00010001001
101110100000
000101
10000011010
111000010100
1101101111
0111010101
110010000010
1111111010000
110001101101
1001001010
111111101001
101001111110
10110100011
00110010101
01000100001
10100011011
1100011010100
11001010001
1101100000
1010111001001
1110011000
01001110001
010110000
1001101110
11110000000
011000111
1010111000111
01010011001
0101001
111000101111
11011000000
0011100001
1010001100111
00010101000
00101001000
110000111101
00001000
111110011000
101010110
0011001000
01010111111
001110
01101101
010000100
0111001101
100000100100
001100011110
111011000101
1000011111
001011111001
1100100100
10111100111
0111101000
0010000001100
01111010011
1000111110
110010011011
11101111010
0100101001
11010010111
100101000
100101100001
10000011
101100000
110011011110
1001101101
1010110010111
110101000
11100000110
00110110101
0000001110
011111000
001100100001
110001000
0011001011111
100011110101
1011100001
110111100110
100010000001
01111001010
001100110010
0010001110
1100110101100
1010010111
1000010010
111001101000
100100110
01101110110
001111101101
0011000011
11110111101
11001101100
01001111101
01111000001
101011001100
1011000100
111000111100
0010001
111011001101
000100000
0110100000
11100001100
10111000
1110000111110
1001011110110
1111001111
0101000110
11100111100
010000010
010101011010
00011110101
010011101001
01111001000
11001000010
00110100001
01001100111
001000111100
111110000101
0001001101
10110001000
0110001010
01110100000
0010000
11000001011
01100101010
111000111011
11000000000
01110101
1010111110100
111111100100
101010011100
101110110010
110101111001
10110110011
111011000110
10011001111
11011001000
1111000101
010001010101
01000111001
1100101000
01010001100
00101100000
1110010100
010011010111
000111111001
10110100100
10110001010
100000100101
110100011
00110011110
0110101111
000001101
001000000000
1101000100
00111000100
100000110110
1011010
110111010010
00011001110
001110001110
1100010100
1011111101
010100010011
0011001111
101110011010
1111011
11000000010
0000101100
1110000011
1010001
0010010110
110110110010
001100011100
0110001011
1001010111
00111011111
111101100000
10101011011
111010000011
011111010
1011001100
10010000
00100000010
001000101000
1111111000100
10100111111
001000101100
1100100011
101011101001
1110011100
000111101101
110111101
001101111011
0001111100
01001010101
1111000111
10000110100
1111100101
101000011
1100001111
00110111011
11101111001
10110110000
1111111100
0010000001
001010110
010101011011
10000111001
101111111111
101111001111
111011001000
11001111
10000100010
00111010
00100001100
011000101
0101000001
1111111000101
0010101010
011001011
1111111101101
11001110
111010101111
100100110011
001001100100
10001000111
01000100
101101001001
101110100010
1111101110
00110101100
11010011100
001100101111
0101111111
11010110001
00100101000
000010111
1010001101
000111110111
11001110101
01000010100
110001010001
010010010011
110101100101
10000101011
110101001111
01101000101
110000001
1010111001110
1011010010
11100011011
10100010100
0001011101
1111010100
00100000011
001110011
1011101010100
11001100010
11101011011
1001001
1010111001
101000110111
101011101100
010110100011
01110001000
0011001001001
11101101101
1101001
011101001
111111100111
0001101000
11000100
00101010101
1111110
01111110001
101011101101
1010110010
11100011100
111110111100
10101101011
11111101111
10110001011
01010000100
10111001101
110001101
011111
110100101
001000110
1010001110
11100000010
101011101111
01000111101
110110101100
001011111
011011111011
01010111100
101110110011
11010010000
100100011110
11010000111
1011101110
101010010
100111000
001111000101
01001010010
11000110000
100101001010
111100011110
1111010111
01111111
11101100000
11101001011
0001000110
10101001010
10010011111
0000100011
0010010001
1011010001
0110101010
10010110001
11011001101
1110001
11101110111
10010101100
111011011101
001111111
010010110
1000001011
100010100101
1011111001
010011101100
10001110101
10100101101
101101000110
1011101101001
11111101
0101101110
111101010011
10110001001
10011001
11111100110
100111100
0011011100
110110111000
0010010
11111000111
0100000010
1100000100
1111011000
000100010011
1101100101
001001000
010101101
1110010
0011001010101
101011000000
01010110010
1010100011
10001010100
111111101
110001100110
010011
110110101010
1110101111
10010
0010001001
00101111000
111111110000
111101100100
10000010101
11110111010
1101001011
10101111110
110010110001
000000
11011101
10101000101
1100001100011
01101000110
100100011111
001101011110
0011011001
01000111111
111000011000
001000
101010
110001111101
11111000001
110011001000
01011010001
10111100100
01011111001
1101010000
00101110110
1111100001000
1100111100110
11101001110
11100011111
1000001001
00101000100
001111010000
0000000
001100101110
0100110110
01001000111
001110001011
111110101010
101110011
00010110000
111010011001
11101110
110111010
1000010100
01011001001
11000011110
00101
01001011111
001100000
0010000111
110011010
01101111000
1011011011
110001100
0100110011
11011001110
1110110001001
111010011011
1100110
01101010101
1100110110
1101111010
01101110011
10011011
0011011000001
1110111101
100000110000
10010001001
11011101100
11011011110
001111010011
101100010
0011011000011
00111010111
011011111000
110001100100
10100001010
1001111001
010011110011
1101011110
110010110111
111010100
1001111011
001100111101
110010100111
11010110
0001010000
011000011
011100
1110111110100
000101010111
110011100
111111011
11100110110
101101011100
101110110
001000011010
10101001111
101100001
11100000100
11011110001
11001000100
001000000111
0010001011
01111001111
10001110111
10111100010
10111010000
11110111110
10100100111
01010011000
11010100101
1010101100
1010111110
1100000011
10000000111
0110111111
001111010010
0001010011
11011111110
101101000100
00110111001
011100000
110000110001
110111000010
0011001100100
11110010
101010110100
00100111
00111001111
0000100
0000010001
101011001101
101000000000
100010000
000111011
0101001101
100011111100
010011011001
10110111
1101100011
1001011111
1101101010
10000001010
0111001110
111101000
10000011110
0100101000
1110111100
00111101001
1110110111
0001100011
10111100011
001000100111
111101000011
000101110
111011001100
100010
110011011000
101110001
1010100000
010001100
00011000010
10111001100
101010110011
1011100111010
001001110010
00101111100
00000011011
010110101
10011111101
11001000110
010001001
1001010011
00100101
00101000111
1110001100
11000011111
011100001111
111111100110
101001101111
111010100111
111111111000
11110010101
01010100000
10110110010
01000101101
11000111000
111110000100
0010000110010
11101001001
110101010110
001001110011
00110001010
01110101111
010011111100
11110011010
1101011000
1110000001
10111110010
011111101
00100000000
001111
10011101001
01000010001
1100111100
10110000110
0011011010
11101100011
100001111101
10101010010
101110111010
0101111001
010110101110
01000001101
111111010
11000000100
10000000101
10100010000
000111101
01110110111
0011010010
011010100
0000001101
001010011
00010001010
101000101000
000101011001
10001
001101110001
10000111100
00110011011
01101001
1011110010
010000001111
110001011001
111011101110
100101
100000110100
11010011101
10010111000
100111101110
11100010
110010100010
01000111010
11110111
010101111
00100111111
10101000000
110111111000
00100100101
110101111011
11010100111
10001100110
10001111110
110000001000
01011111010
1010110111
100000111000
11111010101
01101011010
111111001110
1000000111
110011111010
110000101000
10001100011
110101111
101110110001
1011101001001
01010010
0011011000
10001100001
111000011011
10001110110
00011001
1100011011111
01000001010
101110111111
111101111010
0110011010
0101001000
00011100
01010000
11101110110
11011011101
0100100010
10000111110
110101001
110110110000
1111001000
0001001110
110111100
010000110
110001111100
00110001111
011110010111
0011001101100
11010110011
01010000010
01011011100
0110111
101111001101
1011110101
0011100100
000001100
001011
01101001101
111001010
101011111001
10111000001
101001111
00101110001
01001111000
10110010
010010110000
1100110001
00110110000
10011001000
1101101011111
111010100101
0101111110
010110100100
100000100
0011001011000
001001000100
00111110011
0001
101010101011
111010111001
00100001111
11001111001
1110101
110101010
0111010011
11001111011
010100000
100011010
00011100011
0101010101
110011011100
110011111111
11011111011
111101001
001111000011
10110100
11010100
110101001101
100011110
1010111111100
000100101
01110101001
10101100011
110000111000
0100001101
110010111010
10101111
10010101010
0110110010
110011011
11000000111
10101101111
100000110101
10000110101
101010100111
1101011101110
110110000
11101010001
101010011010
11100101
00100110100
111101010
1111111100011
10110001101
10011101011
0011001111000
11111011001
100111110100
1100000111
0011111101000
01110100
0001100000
0100101010
101110000001
11001011111
101000110101
111011111000
011111110101
0010010011
00010100000
111000110111
010011111001
10100011101
010111100010
111001011
11111110010
001101
01000100101
00010011000
110011111
111000100
10010001
0110100
0010010000
11001101101
110101011011
1001000000
110011110010
11101101111
10110111100
110001011111
11011100011
100110000000
1111111010011
0100011110
0100110010
1110000101
001110111
111101011101
101011111011
110101000110
0101100110
1010011
101100011110
0001001100
110000100
000110010
0011001100101
0001110101
111000010101
0011111100
11011001111
0010101000
1110000110010
01
0001110100
110010110000
0111010100
10110101100
1111100111
00100110111
0100111000
111111110101
1000100101
101111111110
001010010001
1111111000
000110000
111111100011
1101011100
100000001
001000010
010001101
10001101000
0001000111
11100010000
11100010011
10110101001
01010010011
00111111101
01001000000
011100101
0100100
111011111111
1011101100000
111011110110
111100010010
111000001110
110100100110
0111100011
0110100101
100100011
10110100000
0100111001
110000101010
000000101
1011000
1001000
11000101111
001010000
111100001110
11100101111
1000001000
11111100010
1111111000111
1111110110
0010101001
001111001101
0011101
1000110
11101010
111011011
1100111100111
111000111
001000001011
10001000
11000011100
1000100000
00011111
1101110001
0110101000
111011110000
0111010001
01010101111
10101000010
1100001010
00101101111
11001000111
00011111100
10111110111
001011101001
10001010000
100000101001
0010011110
0010001001000
01000010
0111
101111111
100011101001
11111110000110
101010110111
10001010001
0011000
110001101100
1011001010
010101011
110010101010
111101
010000
101011100101
11010000010
01010011
001010000111
110111001101
010011001011
0110011110
010010100001
001011101010
1110001011
110101110100
10011110011
010111
111100011100
11010000001
0111001100
00110110
010101011100
10011100
110100011100
11111111001
101010001
001000010001
100101000000
100101110100
11001111110
1011001
111000110011
101100010100
1010000001
100001111
1111100001
111000011110
101010010011
0100000101
01101110111
11110000
0001001111
110011110110
01010111001
0010111000
00011111010
01000110100
11000
10100111
000101100110
010100011101
1110110001010
100110010
01100
0010110010
111000011111
110100110
0010100101
110100000
111111010100
01000011010
0010100010
00011110
100111111101
11110100110
000000000
010111101
11010101101
01000000010
00100010100
100000011
1100001011
01101001110
111110110
0101100
10000011000
100001011
01110110110
10001110
0101111000
0101010100
00111111
01001001101
01001001001
110011011011
1110100111000
110000110111
111111111010
1111010
101111000000
01000000111
000101000000
1000111101001

00110010000
100101100
110011010100
10011
010011001111
1101110110
00001010
000
001011110001
1010111101
1010111001000
101001101
000111001
101010110101
101101111
00011011
1010110100
110110100001
0111001010
0010001100
0100000111
101010001011
101011100100
0001111
11100011101
1101101011
1010010000
101110100001
1111101
0010101111
00110100111
11110001111
0000011
111011000
100100001
111110010100
10000111
11100
10101100
110110101011
11001000011
01110101010
111010010010
101011100011
100010101100
00011011010
010000111
01010000111
0110010010
0101
01011011111
110111100111
001101001
01100110
0001110
01100100100
1111111100010
110000110
1100111100100
1111111010110
00011100001
110101001100
1000111010
11011010001
10
1010101010010
1110101101
01111111110
1011100110
010111100000
0010010010
110100010
10101000011
00011001111
110110110
000101101
00100010011
0010001111
01111111000
10001011010
010111001
111010010101
010101
1101011010
01111000
01100010100
0011101110
1000100111
001000110101
00101101101
11001111100
01000000100
110100011110
11111111111
010010011
11010011110
10001110001
011010001
11000100100
101011101
01100101001
1100001000
100001000010
10000110001
11111111110
111110000111
101110010100
11011001100
11000110111
1000011101
00111010100
100000110111
000110110
1100110111
11111111000
10011111011
0010000010010
01010111110
110010010
1111000011
0010110000
01001101
0010111010
11010011010
01101111011
100111001
01010001010
1001110001
111111000100
10011101000
001100110111
00101001111
11001011100
1110111001
000011000
000101010
1101011101111
10001111100
11100001010
10111001110
10000001000
001001100110
1100011
110010100100
11001100
0011100000
0111100010
0000010
10110101010
010010000110
010110111
11000110011
010011101
100000110001
11000110010
10101101010
11111010010
001101010101
000000001
101011101000
1101110000
010111011
11000111110
01001101010
100001000100
11100100001
1111111100110
10000101
111010111
0000100000
001000000
111110001
11100100110
010100110011
00110100100
11000101100
100111
011010101
110100111001
01101010111
11000010101
1100001010110
1100110111010
0101010000
111101111
11101010110
01101011000
1110100101
11010011001
001110000010
10101011100
0110001001
001000000010
0010101
101101
10001111001
0101101111
111000001001
10110011
1010101110
0110001000
111011110101
11111001110
011001111
110101011111
010010100111
00100111110
0111110100
01111110110
01000001011
00010101110
10111111
0100001000
10101111001
110001100011
01000100000
10010010110
1110000000
11101010101
01011001
111010011111
1101000111
10011011101
101011111111
1110011
10000011011
0100100110
1110111000
1110101001
00100011010
00101000000
00001101
101101000011
0110011111
0011001
1000000110
10110111011
111001
11111010100
001000101011
001001101
1111001001
100010001
110000101
110011101010
101101001000
000111111101
10111011100
0100011111
01100001111
0011001100111
111110111101
111110010000
010001011
01011000
100001111100
100101111
10000000
101111001011
1000000011
11110110010
1111100
101000000110
0110110
01101010
010100001
01111001
01111000111
111101111100
0011011111
11000101
111001110001
0010001011011
010010
101110110111
00111110101
1101011101
0100010011
110000110011
1100010111
0001010110
001111110
11001100001
00100101001
00101000001
1100011000
000001001
00111100111
11101110010
0010011
1001100000
01000101011
111101011100
11000010001
00011001000
0101110100
00100001110
100100000011
001100001000
110111111110
110111101111
001010001
101100000011
110111001110
1001100100
11010100100
010010101000
0011011110
00110111010
0101101000
001110011000
001100101
00101101110
1100101110
0100101100
1111110000
1010000010
001000100000
0011101010
11000110110
110011111110
110011101
1100111010
101010110001
1111101010
1110000110100
0010001010100
001101000
1000000
001000000100
111010000
101100010101
11101011001
111111010011
01110000110
00100110011
11111010111
11000110100
001101111010
000010000
001111110100
1010001011
00111110110
10110011100
01101000000
100101111000
11011100100
10000111011
001101110000
010011011011
000101010011
01010100
111001110
101110010111
001111111101
01001000010
01010011100
100010010
0000101000
10110
1111000000
11100110100
1110010001
11101111000
0000001111
1110000010
0111110011
01101100010
1110101011
1101010101
0100110001
110101110
11101001100
00100011111
000101001
00000011000
01010101101
11110111111
111001110101
001000111111
00101010111
01001111010
101110011111
0110110011
00100110000
11011111100
11000001111
1010111110011
00100100110
110100100000
1011101011
001101100001
01000001
0010000100001
0001010101
1010100101
100010101
0100001
10100011100
10100100101
10110000000
111101000000
101010010100
10010101
001111101100
1101000000
0001001000
10000101000
111100010000
111010000111
0101011001
0000001011
110110101111
1000011011
1111101111
001000011
110100111
111010111000
11100011
110111010111
00101010
00110011001
110100011000
101110011101
0101110
10111000011
11101000110
00100001011
1100000
001000011100
1000111101
0011100101
110111011
01000010000
10110000001
100111101001
0110111001
0110110000
00101100111
110100111000
01100011
0010000101
111111000
10010101001
110011111101
11110101010
101011100010
100111100000
110001111110
111000001101
001000100010
010110100000
00110000111
100111101
10001100
11001100000
0111100101
100101011
001100110110
10001111
001101111111
000111100
0000000011
001101111
110100111100
1011101100001
1111001
10111101111
110010111111
11000010000
101010101000
00011100111
100110000
101110100
11111000100
111110101
11101110000
101101010
10100
000001011
01111111010
01111100111
001000110100
110101100100
0111000001
00010100111
110000000110
101011101010
100101110
1110110001
11001010110
111010110010
001000001
001001001000
001000000001
011100111
110100110100
101111010
101101110
010011100110
0101011010
10100101100
0110010000
10010000100
0101011100
1100001110000
101010000101
111
11010110010
0101111
1101011111
110011010111
101100
1111100010
100111110
001101010000
101110100100
01001011011
0010100001
10001001
1010100111
0001010100
110110101001
0101011101
01000110110
01010101001
11100100010
10100000011
00111111010
111011111010
00011101000
001101100111
0100111100
00000011010
0110001101
100001
1011101001100
111000110101
1101101010101
0001110011
1110101001100
01010100110
00100101010
101010100101
001000010010
1010111100
110011011101
111000000010
1011100001001
1100111101
1000100100
11111110111
1110101000
100100111100
010000110100
0101010
01001110011
10100110100
100010111001
1111010011
00101010001
111101101101
100101010
111111001010
00100010001
100111011
11100100
1011011110
00001100
100001100
010010111
110010100101
011111100000
010001010110
11100001011
011010110101
11110001001
110010101011
10110100111
00011100000
11111011100
111000011100
101110101100
1010100010
010100000110
10101011110
1000000001
11111010110
11100001000
1010011010
11111111101
100100001010
11001011000
1000001110
001000000011
1110001110
10000001011
1010000111
01010001101
0011100110
0111100100
001001000101
1011111111
11110110001
11001010101
1010010010
000000100
1110000101101
1110010010
100100100
1001100010
111101000010
100100
001111100001
10011100101
101101110100
1001000001
11000011000
011011111001
11100101100
111111111011
010100011100
101110111001
00100
001110101101
0011110011000
0001110010
1100000001
1011111011
11000011011
111000001100
11010101011
11001101001
0001111010
011010001001
100101001001
10000000110
1011011100
001001000111
101010001110
11111001011
010001001011
000110
101011111
11010011
01111
1010111
10100011110
010101110
01100100011
10011111110
111100011011
11011001
0001100010
00010000010
110001011
0100111011001
101110101101
111000110100
111011011110
0011010011
001111110111
010011001110
010100
1110100001
1110100011
00110110010
0000011011
11011111111
11110110111
101101101
0111110001
10100000001
11100001110
01001110000
11111110000
111110000000
010011001
00000001010
101110011000
0001001011
111011100
001010001111
1111010001
010000101000
00111011101
01111110100
10000001001
10101010111
1000100
01001101100
000101011
1100101
110111101000
101010001000
111010101101
10000010010
111110010011
0010100100
1111
01101111101
01000110010
110110001
010011011
011010000
1010111000000
01000001000
1000010011
10001011011
000001000
0011110011
0100110
1011100
01011011101
100001101
111100001111
111111101100
1011001001
11011
10010011001
1000110010
01111000011
00110011000
101100110
1011000110
00101101100
00111101
10100000101
111101110111
0101111010
10000000000
10110110110
110011001011
100011111000
111111110110
100000101000
11000111
101110010000
11111001101
0000011111
01100101
111100110
10101101001
1100110101
111111001
11001100100
001011101110
111000000011
0011000101
01011111000
0000111001
01111011011
00101100101
011101111
0110010
0011010101
00010101100
00100000101
000001010
11101100101
0001111011
1110001010
10001100100
011110
101110101110
01101010110
11010001011
00100101011
0001101001
1001001011
0001000101
00010111110
1110100
0101110110
101110100111
0011110101
11010010110
11001100111
01000011011
101110000
1001010
000111111
10101101000
1010001100110
00110111110
110010101
01010001
0011110111
0111111110
111110110000
10111100101
11111111011
1011101000011
0011101100
01011010010
1010001111
111110111110
0000101011
110111011100
1111100001010
101100010000
00101110
111010000000
10000010110
11111010000
111000001000
1010110011
11010101
1101110100
101101110101
010010001
01010100001
010001000111
010001010011
110110010001
10100011000
101101101101
1100111110
0100110000
1000001110011
0101110010
111111011011
110100100
10111011101
0111101010
11001110111
10111011001
01010010110
000011100
111100011010
11100010110
11000111111
10010111111
000101001011
01011111111
0100010110
0000000110
0010011001
10101010011
11001101010
110101111111
10000011100
11100111
01000101000
010111110
1010101000
0100
1111010110
000110011
110011110111
11011100001
10111111100
0000101010
11110110011
10111000101
10110000101
0100011100
10111010111
00000001
101001101110
0011110010
1101101000
0010010000101
1011101101010
110101000011
101010011101
00010011100
001011000
111100001101
001100100000
00111100110
100011110111
111001100100
010000010110
100000100011
1101111100
101101011
110110100
01000100100
1100101111
110110101
101111011
0101010001
010010000
1011100110111
00100100100
111001000
11010001111
01011011
001000100
11101011010
110000000100
10001110010
01110101011
0011001011101
101111001
11110110000
00111011010
00011000
11101110100
01001110111
10101111011
01011111011
01011001100
111010011100
10010101101
011110001
11111011101
00101000010
11001101000
11010010011
010111010
0010111110
11000001001
11111110001
01001
001101111101
01100100000
00111000101
010001101000
0000001100
110001100111
110000111
000101001001
10000111000
000101101101
010010000010
100011100001
101000110011
0110011000
1111111011
100111100010
11101110101
0111100000
001111001
00111010110
11111101011
0101110001
110110011000
100000111
0010000000
01011111110
011011100
10011000010
011010010
00110010011
10010110111
1011110111
10100110
111010010110
0010110
0101001011
0110011
01100101000
10001010
10111100000
101010000
1111110010
10101011001
1000000101
00010001000
00111001100
00010000
110011110101
0011011011101
110011111001
0111111
0110100010
1110100111110
01000
110111110
00110101111
1100101001
0011110100
11101011
11110110110
111100000100
10111010101
10101101
10110100010
01111010111
00100100000
111011000001
101011111110
0010111111
001000100101
101110000101
00110011111
101101111010
10001100000
10110101
111000100111
10111111101
101011110
01000110000
011110010110
11000010011
011011000
10101101110
11100011000
10101010100
11001110110
1011100101
100000010
11000100101
1000111110101
101110101011
1110100111001
001001000000
010011100
10000100000
11000010110
00011000000
00000101
11001010
001010101
10000000100
100100111011
1111010101
010101010001
0000101111
110101110110
10010011010
00111111001
101011001111
01101000100
001101111110
111010010
0010100110
00110111000
111100001010
10011000111
111101011000
010101010
001100010001
10011100100
100100010
10100001
110101000101
01101110
110101000111
101101111000
1000101110
1010
100010100
1111001011
111000010111
1001
0001100
110011
1101110101
1011000000
111101101
11100010100
010011101111
1101001000
001000001000
10111001001
110011010000
01110110101
000010101
11100000111
11000010
1101010001100
1111011110
1001111
10010010
1000010
11111010011
01110001010
0110101110
110101011001
0111111010
010011101011
10110001110
111010010100
111100001011
11110001010
1110000100
1111101011
1101111000
1110001001
1000101
10111011111
011101000
00101100100
001011110
00000111
00010100011
0100100000
001011101000
1001000111
0111011
001100101100
01011010011
1010101101000
101100011010
01101110000
010100000100
0011011011
1100001101
0100010100
100101001
0101011
10010000111
101011101110
110001101110
011101101
111100101100
01110110100
110110011111
0011111
10111101110
111011111011
100110011
10001110100
10110110
100011100
001110110
100100001111
001100111
11101001
101110010011
01010011111
100001110111
110111101010
00000111110
10000100011
111111011001
001000011101
10100101
10010001111
101011111000
00101000110
0000000100
01010101000
1001110110
1001111111
01011100101
001101011000
11001000
0000111011
11011111101
11100110111
0011001101101
1001010100
00111000
11110111001
0001011
00101010011
1110000111011
1110000111
1011100010
01010000000
1110110100
1000010000
1100010001
00000001101
0000101110
0111100
01101110001
101011011
11101000001
111111111110
011100001
1010011101
1111011101
110010111000
100000111010
1010111000110
1000100010
001101100010
01000001001
101011
1110101111101
00111011100
110110010011
11010111101
100111110111
1010111110101
111101111000
011010
1011111000
110101001010
110100000101
0011100
110110011
0100001110
01001111100
1001010101
010011011111
101011010
1011000010
101000
1111000110111
11111000000
00111010000
100000110
000000011
1110000110011
0111010010
00100010010
111000100011
01001011001
00011100110
11011010000
011100100
11001010111
110100110011
10001101
100101111111
001101010011
001101110100
001101101111
110111011010
111111100001
0110010101
11110000100
100100101011
1010010110
10101100100
11011011000
110111111001
0110101100
10000101101
1100
01001110100
110100110010
01100000011
010010100100
11101011000
100011
01101110100
1110110
01101001111
000010001
0011100111
0110011100
110110010111
000000110
1110111110101
0111001011
00100000001
11001110000
111010011
11100111010
01000010110
110011110001
100011111011
110000101100
110000
110000110010
1111111100101
00010100110
11001101
0100111111
01011100110
001111110101
0010001011001
01001100110
1101010010111
1000100001
100101101111
10101100000
010010101
01010110000
01110000010
001111100000
1100001010001
0011110110
110011111011
1101000101
000101011000
1011101010
01010001111
001100101010
01000100011
0011111101010
11010001
001111101001
000100111
0000101
00111000111
1110010110
101110111011
010001000100
1110101111010
110001010110
10110010011
11001000001
101011110001
100101110101
100011100100
111111110111
001111001110
10011001010
11101001111
01111001001
1001111010
1111110101
11100110101
100111111100
10110100001
011101010
00010100101
0011010111
000110100
001111000100
110011100100
110010110
1000111011
0101101101
0110001100
1110100111
0001000010
011001010
001101101001
11000100010
1000101111
010001111
001001010000
0111000111
001100100100
110010111100
10101000100
01100101101
111000010011
10000
110110100000
001100011101
110001101111
11001010000
0001111111
001010100
110011000001
11100111110
100101100100
10100011
100100111
10101111111
0000000111
0011011111111
0011000100
1010010001
101011100111
01001001000
101101010001
00101000
1000011000
010101011101
00101111001
10110011011
10011111
11101101100
01111000101
101111110
1011001111
1100100
0110000111
010011010
01000000110
01001101110
111100111
111100000001
01000100110
11001101011
0111001001
1100101011
00111011011
10101111101
1010111000
1001100001
010000001110
111110100
1101111
11000011010
10010100101
01111000010
00000001100
011001000
111110111001
10010110011
1111101100
010100010111
10111111110
00010101011
1010101111
11100110000
00110000010
10011111000
10001001110
01001101000
101011100000
1011010111
1011101001
01000111000
100000111001
11011000010
01000001111
11000001
001000001110
0110010111
111010100000
010001101111
00010001111
01000011111
11111000110
111100011001
001110001
10101000111
10001000011
01001110101
10100111110
10000111111
10010100100
100011110011
11001
01101000
0110101
00100001101
1011101100
0100111110
000101000010
10100001000
1110000110001
11010101111
110110110101
1010011000
110001110
1100000101
1000001101
100101100010
00100010111
010010101100
111100010001
10001111000
011110100
101001110001
1101111111
101000101
1011101001000
00010100100
101010101
101010110010
111000110
001100110000
010100111101
000011001
01001010100
0010011101
111100000
01100110011
011010111
10110011110
00110000100
1100111100000
100111100011
100000111100
11110100010
1011110000
00111100100
001101101110
10110000011
1001001110
0010000000110
101000111011
001110100
001111001100
11000101010
1000011010
10111000100
1101001110000
011100110
110010111
1001011010
1011101111
11101100
10110101011
11010111111
0011010001
011001101
00101000011
10110101000
0011000010
10100110110
111111110001
0111010
011110101
011000100
1010111001101
0101101010
10001110011
011110010010
0001101111
0101011110
11
111101011001
011011010
0101100100
0011101001
0001100100
10110111001
1110010000
00110000000
101001110
101100011111
01000101110
1010011100
111011100110
110111011000
11001001
001111101010
110101000100
110100000100
00010001110
111111011111
0101100011
11110
00100111101
0011001011
110100111110
11001011010
1111110110000
1101110011101
0010000110100
11000110001
001000100110
000101000
0100101011
010110111111
100111110001
0000001000
110101011110
111101011
1000111
1011100111001
110111001010
1010001101000
10000010000
01011110100
1011000111
1111101000
1011000111101
111101110000
1001001100
100111101010
10111000110
010101000000
101100010001
111001100
110110100110
001011101
00110111101
111011000111
11110101111
1000110111
01101100100
110110110011
0111000011
10000011111
001001010
11111101001
01001000
111011010
1011011111
101110001100
10010101011
110001110111
00100111001
0111101100
100111101100
1111000111010
10001000001
11110001000
00100010
001111010
01110110
01000001100
0110110101
101
0101000100
01010110011
111110110001
11111100011
111011000100
11111100001
10110011000
1001001000
00011101
10010010111
10001100111
1011011010
10100011111
1100011101
11111001111
0011010
101010111101
11101011100
1101001110
0101010111
00110001011
010000010111
010111111
1101101001
100011001110
10110000010
01101001100
01101100
11101100111
101011001011
00100000100
11110100001
11101000011
1001110
1110111110
110001011011
1100011110000
110011100111
11000000001
1101000110
1100011110
101010010000
01101
111111101000
1101010110110
01000011000
1010100001
111100010
01001000110
1101111011101
1010000000
11010000
10101011
0011111101
001110000011
1001001101
0010010000000
11110000011
10000100101
11011000
1010100
0011000001
1001011011
101011000
0110111110
001001000001
0011111110
1010111001100
101011000001
100110100
1111111101
1100111000
1011111110
10101001100
0001010001
111011100100
011111110
010010110011
100100101000
001100100110
010110111000
11111
0010001000
111110111
1000101000
10010110010
100000101111
100011100010
1011101100110
1111000010
00100100001
011110010000
1110101111111
11111001000
1100010010
00110110001
0101000111
001100110
1010111001010
10010100110
0001111000
00000011111
00110101110
1110000100110
1101110
0110000010
10111
1111000001
110101011100
001101011111
010000011010
0001101
10001010110
001100001011
100011000111
10101110101
11011101111
01101001010
0001011100
00101011101
1000001110010
0101011111
11011011001
1100101010
0011100011
0101101011
111111000111
1101100111
000001
1011100001011
0011001011110
100011101101
0010011111
001000101001
010100011001
1101000001
00111001110
0110000100
1000000100
101110100101
101010100
100100001110
1100001001
110001101010
11111111100
1100100110
0110110111
11101100001
101110111000
10110010101
01010000001
110000010
1000001
11011001011
01011111100
11101010011
11010000110
01001100101
110000110000
10001011
011001110
01011110101
01010101011
010011001010
110101011010
11010111110
11110000111
00010110
0000001
11011010
100111111011
10101001011
1111000011010
100011011
1001111000
1000001111
001101101
11000110101
1101010001
000111111000
0010010101
01111011000
00100001010
10100111001
001101011001
01011010
101001010
100011101100
10010111100
1100000010
001001000011
111111101011
0011101011
110011010010
00101001101
10110100110
0110001110
00000100010
00100010000
00011111001
10011001100
11001111111
10111101000
11010101010
001000101010
111011100101
000000111
011101011010
100111111001
110001011000
00100110001
1101110100110
0001010111
000111111010
0111000
01001000011
010000101010
110101110000
110000001111
100001111111
101110100110
10110111110
001110010
1000101010
110111101101
001111000111
11100011001
0010
001001001100
01001011
00000010
0100000011
0000010000
0001110000
001110110101
1110100100
101110000011
001111100110
1101010000000
1000011001
1110100110
111000011001
110011100101
101011111101
10011001001
100101110110
11100111001
0101001111
1000010110
1010010
100110001
111010110100
01000110001
100001110011
00100100111
10101001
111010110000
11000111010
11011010111
11100010001
110010101101
111010
111101011110
1011011000
10010111010
01011011000
11001111101
010001100011
1
111011011111
1011010101
111001100101
1110011101
110001010100
0101100001
1001100011
01110010000
1110010111
010110001
1010000
111000
11111101101
100100111111
101001001
101011001000
111111101010
01001111001
00011000011
110101100110
1111100110
1110101110010
10100100000
110000111011
111101111111
01010000101
10110110111
1001011001
001110011001
01000110
0110010011
111111110011
11101010010
110110010100
10010001000
100010110111
0111011100
001100
00010111011
01111100
101110000010
001101110010
0111011111
01011100
111000101
1110111010
11010010001
10000001
100001110110
001000110111
1110111
010101100
10001010101
01001010
110011100000
11111011110
101101100111
111110101110
111010110001
10010111
00000
10011110001
101000010
100011000001
101110111100
01101001011
0110111011
10111011011
1111111111
10101001001
01010111101
1001010001
100101110111
010001001111
10101110010
0010011011
101000000101
1100100111
110000100010
100001000011
0111011011
001001010011
00011110000
100001001
10100111010
010110100101
0001100001
01011010111
1000010111
10010110000
110110110001
000111000010
111010010111
1100110011
001001001011
1100001
100011000
10101000
0110011101
101011000110
00110101101
01010001000
001010010
00011110110
001100111100
01010100111
11100001
111110101111
101110110100
1101011011
00101001010
11001001100
000110111
110111111010
00110010
010110011
010010100011
1000110001
00111001
0110101011
00111111111
00110011010
10101010
11111111010
010010110001
001010111
1000111001
0101110000
011101100
11011000001
00111111000
0111100110
001000010111
010011001100
1011101
11010011111
0010011010
1101100100
110011110011
111101010101
0110110100
1011000001
0001011111
11110110
110100111111
00010100001
111111100010
010001010
000111000000
0101010011
111010100011
0001001
1100110000
00010100
01001101101
00010011111
10111011
1111000
11110000010
00100011000
101010001111
11111011010
1001110010
111110100111
00110001000
11010110110
001000101110
10011111001
11001010011
00010011011
00110110100
1110100111010
0110110110
01000010111
0000100010
110001010000
10101110001
00011110001
101110
11001000000
0000010011
111001101100
00010110010
1000101101
0110100110
11011110011
10011000000
100011111010
001000001111
11010100001
1101101100
001000101
101011010100
111010110011
011000110
01000110101
11111011000
0010001000011
001001
01001100100
0111111000
001001100
10100111011
11011100110
000011
111111110100
1101111011
101000111
111110010
011010011
10011110100
110101110111
111011111
111110001100
10101001000
11010011011
0100001001
10001101110
00111101011
0100110100
01000100111
1000110000
00111100
100011110100
010010100
001100111011
0001011011
100011100000
10011000101
10110000100
1000101100
00010001100
100000001000
111100001
001001001101
0001000
01010001001
0100000
1100111100001
11111001010
01110111101
1100110010
110001111
0100001011
111010111100
10001110000
1010111011000
0101100111
100000111011
10100000010
11011011100
111100011111
00100010110
0111110110
11010001001
10010011110
1111100000
0100101101
101000000001
110000111110
110010001
110001100001
01000011100
111000000
00111111110
10111010100
1011100000
010101011111
000100001
110100001
1100101100
101100011011
10101111100
0011001010
001000100001
11000111100
101001100
011101
11101010111
001110011110
100010110011
001111111111
0010010111
00010111
10111000010
1101010010100
1100010
001101101101
100001010
111011110011
1101100
1000101001
1101001001
10011111100
0001101100
111100011
110011011010
0100001010
111110110011
01000010101
1111010010
1010101010
00010110101
1111111010010
011011
101100100
1011100011
110111101011
110110010000
1001011101011
11100110001
110001110101
10100110111
010001100001
11011110111
110000001101
10100100
01001100010
11100001101
110010
1000010001
110101110011
11001000101
111111010001
0100001111
111010111110
0011000000
100100000
1011100100
01110010111
10010010001
